1 
1024    60      300     1200.
1024    60      140     1200.
1024    60      140     600.

60      150     900.
60      300     900.
90      300     900.
90      150     900.
120     300     900.
120     150     900.
150     150     900.
150     300     900.

1024    60      140     600.
1024    100     5       100.
1024    100     10      200.
1024    60      240     120.
1024    50      250     150.
1024    40      260     120.
1024    80      220     120.

1024    70      2       140.
1024    70      14      140.
1024    70      21      140.
1024    70      28      140.
1024    70      35      140.
1024    70      42      140.
1024    70      49      140.
1024    70      56      140.
1024    70      63      140.
1024    70      70      140.
1024    70      77      140.
1024    70      84      140.
1024    70      98      140.
1024    70      112     140.
1024    70      126     140.
1024    70      140     140.
1024    70      154     140.
1024    50      120     100.
1024    50      130     100.
1024    50      150     100.
1024    50      170     100.
1024    50      180     100.
